data:
    humidity: 45.500000
    temp: 73.220001
    time: 1489097392
