data:
    humidity: 47.099998
    temp: 72.139999
    time: 1489284998
